(001,737.01)
(002,737.01)
(003,737.01)
(004,737.01)
(005,737.01)
(006,737.01)
(007,765.35)
(008,765.35)
(009,737.01)
(010,765.35)
(011,765.35)
(012,765.35)
(013,765.35)
(014,737.01)
(015,737.01)
(016,737.01)
(017,765.35)
(018,765.35)
(019,765.35)
(020,765.35)
(021,765.35)
(022,765.35)
(023,765.35)
(024,737.01)
(025,737.01)
(026,737.01)
(027,765.35)
(028,765.35)
(029,765.35)
(030,737.01)
(031,737.01)
(032,737.01)
(033,737.01)
(034,737.01)
(035,737.01)
(036,737.01)
(037,737.01)
(038,737.01)
(039,737.01)
(040,737.01)
(041,737.01)
(042,737.01)
(043,737.01)
(044,737.01)
(045,737.01)
(046,737.01)
(047,737.01)
(048,737.01)
(049,737.01)
(050,737.01)
(051,765.35)
(052,765.35)
(053,765.35)
(054,765.35)
(055,765.35)
(056,765.35)
(057,737.01)
(058,737.01)
(059,737.01)
(060,737.01)
(061,737.01)
(062,737.01)
(063,737.01)
(064,737.01)
(065,737.01)
(066,737.01)
(067,737.01)
(068,737.01)
(069,737.01)
(070,737.01)
(071,737.01)
(072,737.01)
(073,737.01)
(074,737.01)
(075,737.01)
(076,737.01)
(077,737.01)
(078,737.01)
(079,737.01)
(080,737.01)
(081,737.01)
(082,737.01)
(083,737.01)
(084,737.01)
(085,737.01)
(086,737.01)
(087,737.01)
(088,737.01)
(089,765.35)
(090,765.35)
(091,765.35)
(092,737.01)
(093,737.01)
(094,737.01)
(095,737.01)
(096,737.01)
(097,737.01)
(098,737.01)
(099,737.01)
(100,765.35)
(101,765.35)
(102,765.35)
(103,737.01)
(104,737.01)
(105,737.01)
(106,765.35)
(107,765.35)
(108,737.01)
(109,737.01)
(110,737.01)
(111,737.01)
(112,737.01)
(113,737.01)
(114,737.01)
(115,737.01)
(116,737.01)
(117,737.01)
(118,737.01)
(119,765.35)
(120,765.35)
(121,765.35)
(122,737.01)
(123,737.01)
(124,737.01)
(125,737.01)
(126,737.01)
(127,737.01)
(128,737.01)
(129,737.01)
(130,737.01)
(131,737.01)
(132,737.01)
(133,737.01)
(134,737.01)
(135,737.01)
(136,765.35)
(137,765.35)
(138,737.01)
(139,737.01)
(140,737.01)
(141,737.01)
(142,737.01)
(143,737.01)
(144,737.01)
(145,737.01)
(146,765.35)
(147,765.35)
(148,765.35)
(149,737.01)
(150,737.01)