(001,765.35)
(002,737.01)
(003,737.01)
(004,737.01)
(005,737.01)
(006,765.35)
(007,737.01)
(008,737.01)
(009,737.01)
(010,737.01)
(011,737.01)
(012,737.01)
(013,737.01)
(014,737.01)
(015,737.01)
(016,737.01)
(017,737.01)
(018,737.01)
(019,737.01)
(020,737.01)
(021,737.01)
(022,737.01)
(023,765.35)
(024,765.35)
(025,765.35)
(026,765.35)
(027,765.35)
(028,737.01)
(029,737.01)
(030,737.01)
(031,708.66)
(032,708.66)
(033,737.01)
(034,765.35)
(035,765.35)
(036,737.01)
(037,737.01)
(038,708.66)
(039,737.01)
(040,737.01)
(041,737.01)
(042,737.01)
(043,737.01)
(044,737.01)
(045,737.01)
(046,737.01)
(047,737.01)
(048,737.01)
(049,737.01)
(050,737.01)
(051,737.01)
(052,737.01)
(053,737.01)
(054,737.01)
(055,737.01)
(056,737.01)
(057,737.01)
(058,737.01)
(059,737.01)
(060,737.01)
(061,737.01)
(062,737.01)
(063,737.01)
(064,737.01)
(065,765.35)
(066,765.35)
(067,765.35)
(068,765.35)
(069,765.35)
(070,737.01)
(071,737.01)
(072,737.01)
(073,737.01)
(074,737.01)
(075,737.01)
(076,737.01)
(077,737.01)
(078,765.35)
(079,765.35)
(080,765.35)
(081,765.35)
(082,737.01)
(083,737.01)
(084,737.01)
(085,737.01)
(086,737.01)
(087,737.01)
(088,737.01)
(089,737.01)
(090,737.01)
(091,737.01)
(092,737.01)
(093,737.01)
(094,737.01)
(095,737.01)
(096,737.01)
(097,737.01)
(098,737.01)
(099,737.01)
(100,737.01)
(101,737.01)
(102,737.01)
(103,737.01)
(104,737.01)
(105,708.66)
(106,708.66)
(107,708.66)
(108,708.66)
(109,737.01)
(110,737.01)
(111,737.01)
(112,737.01)
(113,737.01)
(114,737.01)
(115,737.01)
(116,737.01)
(117,737.01)
(118,737.01)
(119,737.01)
(120,737.01)
(121,737.01)
(122,737.01)
(123,737.01)
(124,737.01)
(125,737.01)
(126,737.01)
(127,737.01)
(128,737.01)
(129,737.01)
(130,737.01)
(131,737.01)
(132,737.01)
(133,737.01)
(134,737.01)
(135,737.01)
(136,737.01)
(137,737.01)
(138,737.01)
(139,708.66)
(140,708.66)
(141,708.66)
(142,737.01)
(143,737.01)
(144,708.66)
(145,737.01)
(146,737.01)
(147,737.01)
(148,737.01)
(149,737.01)
(150,737.01)