(001,680.31)
(002,680.31)
(003,680.31)
(004,708.66)
(005,708.66)
(006,708.66)
(007,708.66)
(008,737.01)
(009,737.01)
(010,737.01)
(011,737.01)
(012,737.01)
(013,708.66)
(014,708.66)
(015,708.66)
(016,708.66)
(017,708.66)
(018,708.66)
(019,708.66)
(020,708.66)
(021,680.31)
(022,680.31)
(023,680.31)
(024,680.31)
(025,680.31)
(026,708.66)
(027,708.66)
(028,708.66)
(029,708.66)
(030,708.66)
(031,708.66)
(032,708.66)
(033,708.66)
(034,708.66)
(035,708.66)
(036,708.66)
(037,708.66)
(038,708.66)
(039,708.66)
(040,708.66)
(041,708.66)
(042,708.66)
(043,737.01)
(044,737.01)
(045,708.66)
(046,708.66)
(047,708.66)
(048,680.31)
(049,680.31)
(050,680.31)
(051,708.66)
(052,708.66)
(053,708.66)
(054,708.66)
(055,708.66)
(056,708.66)
(057,708.66)
(058,708.66)
(059,708.66)
(060,708.66)
(061,708.66)
(062,708.66)
(063,708.66)
(064,708.66)
(065,708.66)
(066,708.66)
(067,708.66)
(068,708.66)
(069,708.66)
(070,680.31)
(071,680.31)
(072,680.31)
(073,680.31)
(074,708.66)
(075,708.66)
(076,708.66)
(077,708.66)
(078,708.66)
(079,708.66)
(080,708.66)
(081,708.66)
(082,708.66)
(083,708.66)
(084,737.01)
(085,737.01)
(086,737.01)
(087,737.01)
(088,737.01)
(089,737.01)
(090,708.66)
(091,708.66)
(092,708.66)
(093,708.66)
(094,708.66)
(095,708.66)
(096,708.66)
(097,708.66)
(098,708.66)
(099,708.66)
(100,708.66)
(101,708.66)
(102,708.66)
(103,708.66)
(104,708.66)
(105,708.66)
(106,708.66)
(107,708.66)
(108,708.66)
(109,708.66)
(110,708.66)
(111,708.66)
(112,708.66)
(113,708.66)
(114,708.66)
(115,708.66)
(116,708.66)
(117,708.66)
(118,708.66)
(119,708.66)
(120,708.66)
(121,708.66)
(122,708.66)
(123,708.66)
(124,708.66)
(125,708.66)
(126,708.66)
(127,708.66)
(128,680.31)
(129,680.31)
(130,680.31)
(131,708.66)
(132,708.66)
(133,708.66)
(134,708.66)
(135,708.66)
(136,708.66)
(137,708.66)
(138,708.66)
(139,737.01)
(140,737.01)
(141,737.01)
(142,708.66)
(143,708.66)
(144,708.66)
(145,708.66)
(146,708.66)
(147,708.66)
(148,708.66)
(149,708.66)
(150,708.66)