(001,708.66)
(002,708.66)
(003,708.66)
(004,708.66)
(005,708.66)
(006,708.66)
(007,708.66)
(008,708.66)
(009,708.66)
(010,708.66)
(011,708.66)
(012,708.66)
(013,708.66)
(014,737.01)
(015,737.01)
(016,737.01)
(017,708.66)
(018,680.31)
(019,680.31)
(020,680.31)
(021,708.66)
(022,708.66)
(023,708.66)
(024,708.66)
(025,708.66)
(026,708.66)
(027,708.66)
(028,708.66)
(029,708.66)
(030,708.66)
(031,708.66)
(032,708.66)
(033,708.66)
(034,708.66)
(035,708.66)
(036,708.66)
(037,708.66)
(038,708.66)
(039,708.66)
(040,708.66)
(041,708.66)
(042,680.31)
(043,680.31)
(044,708.66)
(045,708.66)
(046,708.66)
(047,708.66)
(048,708.66)
(049,708.66)
(050,708.66)
(051,708.66)
(052,708.66)
(053,708.66)
(054,708.66)
(055,708.66)
(056,708.66)
(057,708.66)
(058,708.66)
(059,708.66)
(060,708.66)
(061,708.66)
(062,708.66)
(063,737.01)
(064,737.01)
(065,737.01)
(066,737.01)
(067,708.66)
(068,708.66)
(069,708.66)
(070,708.66)
(071,708.66)
(072,708.66)
(073,708.66)
(074,708.66)
(075,708.66)
(076,708.66)
(077,708.66)
(078,708.66)
(079,708.66)
(080,708.66)
(081,708.66)
(082,708.66)
(083,708.66)
(084,680.31)
(085,680.31)
(086,680.31)
(087,680.31)
(088,680.31)
(089,680.31)
(090,680.31)
(091,708.66)
(092,708.66)
(093,708.66)
(094,708.66)
(095,708.66)
(096,708.66)
(097,708.66)
(098,708.66)
(099,708.66)
(100,708.66)
(101,708.66)
(102,708.66)
(103,708.66)
(104,708.66)
(105,708.66)
(106,708.66)
(107,708.66)
(108,708.66)
(109,708.66)
(110,708.66)
(111,708.66)
(112,708.66)
(113,708.66)
(114,708.66)
(115,708.66)
(116,708.66)
(117,708.66)
(118,708.66)
(119,708.66)
(120,708.66)
(121,708.66)
(122,708.66)
(123,708.66)
(124,708.66)
(125,708.66)
(126,708.66)
(127,708.66)
(128,708.66)
(129,708.66)
(130,708.66)
(131,708.66)
(132,708.66)
(133,708.66)
(134,708.66)
(135,708.66)
(136,708.66)
(137,708.66)
(138,708.66)
(139,708.66)
(140,708.66)
(141,680.31)
(142,708.66)
(143,708.66)
(144,680.31)
(145,708.66)
(146,708.66)
(147,708.66)
(148,708.66)
(149,680.31)
(150,680.31)