(001,765.35)
(002,765.35)
(003,765.35)
(004,765.35)
(005,765.35)
(006,765.35)
(007,793.70)
(008,765.35)
(009,765.35)
(010,765.35)
(011,793.70)
(012,793.70)
(013,793.70)
(014,765.35)
(015,737.01)
(016,737.01)
(017,765.35)
(018,765.35)
(019,765.35)
(020,765.35)
(021,765.35)
(022,765.35)
(023,765.35)
(024,765.35)
(025,765.35)
(026,765.35)
(027,765.35)
(028,765.35)
(029,737.01)
(030,765.35)
(031,765.35)
(032,765.35)
(033,765.35)
(034,765.35)
(035,765.35)
(036,765.35)
(037,765.35)
(038,765.35)
(039,765.35)
(040,765.35)
(041,765.35)
(042,765.35)
(043,765.35)
(044,765.35)
(045,765.35)
(046,765.35)
(047,765.35)
(048,765.35)
(049,765.35)
(050,765.35)
(051,765.35)
(052,765.35)
(053,765.35)
(054,737.01)
(055,765.35)
(056,765.35)
(057,765.35)
(058,765.35)
(059,765.35)
(060,765.35)
(061,765.35)
(062,765.35)
(063,765.35)
(064,765.35)
(065,765.35)
(066,765.35)
(067,765.35)
(068,765.35)
(069,765.35)
(070,765.35)
(071,765.35)
(072,765.35)
(073,765.35)
(074,737.01)
(075,737.01)
(076,737.01)
(077,737.01)
(078,765.35)
(079,737.01)
(080,737.01)
(081,737.01)
(082,737.01)
(083,737.01)
(084,737.01)
(085,737.01)
(086,765.35)
(087,765.35)
(088,737.01)
(089,737.01)
(090,737.01)
(091,737.01)
(092,737.01)
(093,737.01)
(094,737.01)
(095,737.01)
(096,737.01)
(097,737.01)
(098,765.35)
(099,737.01)
(100,737.01)
(101,737.01)
(102,765.35)
(103,765.35)
(104,737.01)
(105,737.01)
(106,737.01)
(107,765.35)
(108,737.01)
(109,737.01)
(110,737.01)
(111,765.35)
(112,765.35)
(113,765.35)
(114,737.01)
(115,737.01)
(116,765.35)
(117,737.01)
(118,765.35)
(119,737.01)
(120,765.35)
(121,765.35)
(122,737.01)
(123,737.01)
(124,765.35)
(125,765.35)
(126,737.01)
(127,737.01)
(128,737.01)
(129,737.01)
(130,737.01)
(131,737.01)
(132,737.01)
(133,737.01)
(134,737.01)
(135,737.01)
(136,737.01)
(137,737.01)
(138,737.01)
(139,765.35)
(140,737.01)
(141,737.01)
(142,737.01)
(143,737.01)
(144,737.01)
(145,737.01)
(146,737.01)
(147,737.01)
(148,737.01)
(149,737.01)
(150,737.01)