(001,708.66)
(002,708.66)
(003,737.01)
(004,737.01)
(005,737.01)
(006,737.01)
(007,737.01)
(008,737.01)
(009,765.35)
(010,793.70)
(011,765.35)
(012,765.35)
(013,737.01)
(014,737.01)
(015,737.01)
(016,765.35)
(017,737.01)
(018,737.01)
(019,737.01)
(020,737.01)
(021,737.01)
(022,737.01)
(023,708.66)
(024,765.35)
(025,765.35)
(026,737.01)
(027,737.01)
(028,737.01)
(029,765.35)
(030,708.66)
(031,708.66)
(032,737.01)
(033,737.01)
(034,737.01)
(035,737.01)
(036,737.01)
(037,737.01)
(038,765.35)
(039,737.01)
(040,708.66)
(041,708.66)
(042,737.01)
(043,737.01)
(044,737.01)
(045,737.01)
(046,737.01)
(047,737.01)
(048,737.01)
(049,737.01)
(050,765.35)
(051,765.35)
(052,737.01)
(053,737.01)
(054,737.01)
(055,737.01)
(056,737.01)
(057,708.66)
(058,737.01)
(059,737.01)
(060,737.01)
(061,737.01)
(062,737.01)
(063,737.01)
(064,737.01)
(065,737.01)
(066,737.01)
(067,737.01)
(068,737.01)
(069,708.66)
(070,708.66)
(071,737.01)
(072,737.01)
(073,737.01)
(074,737.01)
(075,737.01)
(076,708.66)
(077,708.66)
(078,708.66)
(079,708.66)
(080,708.66)
(081,737.01)
(082,708.66)
(083,737.01)
(084,737.01)
(085,708.66)
(086,708.66)
(087,708.66)
(088,737.01)
(089,737.01)
(090,708.66)
(091,708.66)
(092,737.01)
(093,737.01)
(094,737.01)
(095,737.01)
(096,737.01)
(097,737.01)
(098,737.01)
(099,737.01)
(100,737.01)
(101,737.01)
(102,737.01)
(103,737.01)
(104,737.01)
(105,737.01)
(106,737.01)
(107,765.35)
(108,737.01)
(109,737.01)
(110,737.01)
(111,737.01)
(112,737.01)
(113,737.01)
(114,737.01)
(115,737.01)
(116,737.01)
(117,737.01)
(118,737.01)
(119,737.01)
(120,737.01)
(121,737.01)
(122,737.01)
(123,708.66)
(124,708.66)
(125,708.66)
(126,708.66)
(127,708.66)
(128,737.01)
(129,737.01)
(130,708.66)
(131,737.01)
(132,737.01)
(133,737.01)
(134,737.01)
(135,737.01)
(136,737.01)
(137,737.01)
(138,737.01)
(139,708.66)
(140,708.66)
(141,737.01)
(142,737.01)
(143,737.01)
(144,737.01)
(145,737.01)
(146,737.01)
(147,737.01)
(148,737.01)
(149,737.01)
(150,737.01)