(001,708.66)
(002,708.66)
(003,708.66)
(004,680.31)
(005,680.31)
(006,708.66)
(007,708.66)
(008,708.66)
(009,708.66)
(010,708.66)
(011,708.66)
(012,708.66)
(013,708.66)
(014,708.66)
(015,708.66)
(016,708.66)
(017,708.66)
(018,708.66)
(019,708.66)
(020,737.01)
(021,737.01)
(022,737.01)
(023,708.66)
(024,708.66)
(025,708.66)
(026,708.66)
(027,708.66)
(028,708.66)
(029,708.66)
(030,708.66)
(031,708.66)
(032,708.66)
(033,737.01)
(034,737.01)
(035,737.01)
(036,737.01)
(037,737.01)
(038,737.01)
(039,737.01)
(040,737.01)
(041,737.01)
(042,737.01)
(043,737.01)
(044,737.01)
(045,737.01)
(046,737.01)
(047,737.01)
(048,737.01)
(049,708.66)
(050,708.66)
(051,737.01)
(052,737.01)
(053,737.01)
(054,737.01)
(055,737.01)
(056,737.01)
(057,737.01)
(058,737.01)
(059,737.01)
(060,737.01)
(061,737.01)
(062,737.01)
(063,737.01)
(064,737.01)
(065,737.01)
(066,737.01)
(067,708.66)
(068,708.66)
(069,708.66)
(070,708.66)
(071,708.66)
(072,708.66)
(073,708.66)
(074,708.66)
(075,708.66)
(076,708.66)
(077,708.66)
(078,708.66)
(079,708.66)
(080,680.31)
(081,680.31)
(082,680.31)
(083,680.31)
(084,680.31)
(085,680.31)
(086,680.31)
(087,708.66)
(088,708.66)
(089,708.66)
(090,680.31)
(091,680.31)
(092,708.66)
(093,708.66)
(094,708.66)
(095,708.66)
(096,708.66)
(097,708.66)
(098,708.66)
(099,708.66)
(100,708.66)
(101,708.66)
(102,708.66)
(103,708.66)
(104,708.66)
(105,708.66)
(106,708.66)
(107,708.66)
(108,708.66)
(109,737.01)
(110,737.01)
(111,737.01)
(112,708.66)
(113,708.66)
(114,737.01)
(115,708.66)
(116,737.01)
(117,708.66)
(118,708.66)
(119,708.66)
(120,708.66)
(121,708.66)
(122,708.66)
(123,708.66)
(124,708.66)
(125,708.66)
(126,708.66)
(127,708.66)
(128,708.66)
(129,708.66)
(130,708.66)
(131,708.66)
(132,708.66)
(133,708.66)
(134,680.31)
(135,680.31)
(136,680.31)
(137,708.66)
(138,708.66)
(139,708.66)
(140,708.66)
(141,708.66)
(142,737.01)
(143,737.01)
(144,737.01)
(145,737.01)
(146,708.66)
(147,708.66)
(148,708.66)
(149,708.66)
(150,708.66)