(001,737.01)
(002,737.01)
(003,737.01)
(004,737.01)
(005,708.66)
(006,708.66)
(007,708.66)
(008,737.01)
(009,737.01)
(010,737.01)
(011,737.01)
(012,737.01)
(013,737.01)
(014,708.66)
(015,708.66)
(016,708.66)
(017,708.66)
(018,708.66)
(019,708.66)
(020,737.01)
(021,737.01)
(022,708.66)
(023,708.66)
(024,708.66)
(025,708.66)
(026,737.01)
(027,737.01)
(028,708.66)
(029,708.66)
(030,708.66)
(031,737.01)
(032,737.01)
(033,737.01)
(034,737.01)
(035,737.01)
(036,737.01)
(037,737.01)
(038,737.01)
(039,737.01)
(040,737.01)
(041,708.66)
(042,708.66)
(043,708.66)
(044,737.01)
(045,737.01)
(046,708.66)
(047,708.66)
(048,737.01)
(049,737.01)
(050,708.66)
(051,708.66)
(052,708.66)
(053,708.66)
(054,708.66)
(055,708.66)
(056,708.66)
(057,708.66)
(058,708.66)
(059,708.66)
(060,708.66)
(061,708.66)
(062,708.66)
(063,737.01)
(064,737.01)
(065,737.01)
(066,737.01)
(067,737.01)
(068,737.01)
(069,737.01)
(070,737.01)
(071,737.01)
(072,737.01)
(073,737.01)
(074,737.01)
(075,737.01)
(076,737.01)
(077,737.01)
(078,737.01)
(079,737.01)
(080,737.01)
(081,737.01)
(082,737.01)
(083,737.01)
(084,737.01)
(085,737.01)
(086,737.01)
(087,737.01)
(088,737.01)
(089,737.01)
(090,737.01)
(091,737.01)
(092,737.01)
(093,737.01)
(094,737.01)
(095,737.01)
(096,737.01)
(097,737.01)
(098,737.01)
(099,737.01)
(100,737.01)
(101,737.01)
(102,737.01)
(103,737.01)
(104,737.01)
(105,737.01)
(106,737.01)
(107,737.01)
(108,737.01)
(109,737.01)
(110,737.01)
(111,737.01)
(112,737.01)
(113,737.01)
(114,737.01)
(115,737.01)
(116,737.01)
(117,737.01)
(118,737.01)
(119,737.01)
(120,708.66)
(121,708.66)
(122,708.66)
(123,708.66)
(124,708.66)
(125,708.66)
(126,737.01)
(127,737.01)
(128,737.01)
(129,737.01)
(130,737.01)
(131,737.01)
(132,737.01)
(133,737.01)
(134,737.01)
(135,737.01)
(136,737.01)
(137,737.01)
(138,708.66)
(139,708.66)
(140,708.66)
(141,708.66)
(142,708.66)
(143,708.66)
(144,708.66)
(145,708.66)
(146,708.66)
(147,708.66)
(148,708.66)
(149,708.66)
(150,708.66)